29.982138920963628 35.93220395401148 0.10471975511965977
28.30478916043549 37.02140445818512 0.10471975511965977
26.612759638584844 37.65522081021149 0.10471975511965977
26.643626387287583 36.63741774950648 0.10471975511965977
26.690090592413334 35.67900577141434 0.10471975511965977
26.754463047130525 34.78024368839092 0.10471975511965977
26.838965141427355 33.94058647468971 0.10471975511965977
26.945732339136647 33.15889599173316 0.10471975511965977
27.07682446536662 32.433611288041575 0.10471975511965977
27.234240465785554 31.762883370203944 0.10471975511965977
27.419935721364787 31.144679642547818 0.10471975511965977
27.63584038644683 30.57686300398327 0.10471975511965977
27.883877529965805 30.057250107297953 0.10471975511965977
28.165980084731395 29.583652685779263 0.10471975511965977
28.48410574456643 29.15390523215492 0.10471975511965977
28.8402489956556 28.765881732056346 0.10471975511965977
29.2364494299784 28.417503638156056 0.10471975511965977
29.674795367642908 28.10674083494255 0.10471975511965977
30.157421612111115 27.831606991756605 0.10471975511965977
30.686499876951512 27.590150432971445 0.10471975511965977
31.26422005358385 27.380441467747886 0.10471975511965977
31.8927600367941 27.200557017130883 0.10471975511965977
32.5742412939412 27.04856335453739 0.10471975511965977
33.31066677051084 26.922497839656206 0.10471975511965977
34.103837103071335 26.820350678650207 0.10471975511965977
34.955240524295036 26.740047986533295 0.10471975511965977
35.86591140152754 26.679437755675753 0.10471975511965977
36.836252221461876 26.636280729800383 0.10471975511965977
37.86581427347936 26.608248605937696 0.10471975511965977
38.95303364935434 26.592932364700374 0.10471975511965977
40.09492193058212 26.587863743779234 0.10471975511965977
41.28671562366898 26.590552749009042 0.10471975511965977
42.5214955820655 26.598543419147553 0.10471975511965977
43.78979771950009 26.60948857700198 0.10471975511965977
45.07924924254134 26.621241800077126 0.10471975511965977
46.3742795627991 26.631961263331743 0.10471975511965977
47.65596988614229 26.6402156745278 0.10471975511965977
48.902116523852975 26.645077916581123 0.10471975511965977
50.087585010601046 26.646188435118425 0.10471975511965977
51.18501921681168 26.64376948335975 0.10471975511965977
52.16593697270338 26.6385746996878 0.10471975511965977
53.00219017962446 26.631767117606977 0.10471975511965977
53.66769827147785 26.624732106861536 0.10471975511965977
54.140292129972366 26.618847461251335 0.10471975511965977
54.40344998015879 26.615246665317045 0.10471975511965977
54.44768691397269 26.614618474005113 0.10471975511965977
54.27138832415848 26.617082780552046 0.10471975511965977
53.880954326317394 26.62216883368067 0.10471975511965977
53.29023162645556 26.62890047007529 0.10471975511965977
52.5193245883926 26.63597026019017 0.10471975511965977
51.59296973338091 26.64196696811033 0.10471975511965977
50.53870671659523 26.645613112827483 0.10471975511965977
49.385077439456836 26.645972703379055 0.10471975511965977
48.16004151921991 26.642600903301105 0.10471975511965977
46.88972860184835 26.635622912237285 0.10471975511965977
45.59757587414071 26.62574408689893 0.10471975511965977
44.30383829972388 26.61420402090041 0.10471975511965977
43.02541791015705 26.602692718848772 0.10471975511965977
41.77593811180198 26.59324761253554 0.10471975511965977
40.56598573595137 26.5881474430683 0.10471975511965977
39.40345169855748 26.58981466567314 0.10471975511965977
38.29391499355598 26.600733421722403 0.10471975511965977
37.24102997494812 26.623386151803288 0.10471975511965977
36.24689077206953 26.66020898669989 0.10471975511965977
35.31235793104195 26.713564183345046 0.10471975511965977
34.437340677616234 26.785726901985743 0.10471975511965977
33.62103381891094 26.87888330620339 0.10471975511965977
32.862111760808794 26.995137071638748 0.10471975511965977
32.15888397702331 27.13652171888839 0.10471975511965977
31.509417027074687 27.30501660208605 0.10471975511965977
30.911628283142143 27.502564797515326 0.10471975511965977
30.363356183534044 27.731091494736496 0.10471975511965977
29.862411285369795 27.992521770876095 0.10471975511965977
29.40661177181436 28.28879681772658 0.10471975511965977
28.993806459155973 28.62188779048867 0.10471975511965977
28.62188779048868 28.993806459155973 0.10471975511965977
28.288796817726592 29.406611771814347 0.10471975511965977
27.99252177087609 29.86241128536978 0.10471975511965977
27.731091494736482 30.363356183534044 0.10471975511965977
27.502564797515355 30.91162828314213 0.10471975511965977
27.305016602086056 31.509417027074697 0.10471975511965977
27.136521718888368 32.15888397702335 0.10471975511965977
26.99513707163871 32.862111760808745 0.10471975511965977
26.87888330620344 33.62103381891091 0.10471975511965977
26.78572690198569 34.437340677616206 0.10471975511965977
26.713564183345092 35.312357931041895 0.10471975511965977
26.66020898669987 36.246890772069406 0.10471975511965977
26.62338615180325 37.24102997494806 0.10471975511965977
26.600733421722474 38.29391499355605 0.10471975511965977
26.589814665673078 39.40345169855753 0.10471975511965977
26.588147443068273 40.56598573595141 0.10471975511965977
26.59324761253559 41.775938111802 0.10471975511965977
26.60269271884888 43.025417910157 0.10471975511965977
26.614204020900406 44.30383829972395 0.10471975511965977
26.625744086898855 45.597575874140645 0.10471975511965977
26.635622912237416 46.889728601848226 0.10471975511965977
26.64260090330098 48.16004151921997 0.10471975511965977
26.64597270337909 49.38507743945675 0.10471975511965977
26.64561311282764 50.53870671659521 0.10471975511965977
26.6419669681102 51.592969733380905 0.10471975511965977
26.635970260190042 52.51932458839271 0.10471975511965977
26.628900470075127 53.2902316264556 0.10471975511965977
26.622168833680952 53.88095432631708 0.10471975511965977
26.617082780552003 54.27138832415854 0.10471975511965977
26.61461847400513 54.447686913972674 0.10471975511965977
26.615246665317034 54.40344998015879 0.10471975511965977
26.61884746125093 54.140292129972806 0.10471975511965977
26.62473210686192 53.66769827147768 0.10471975511965977
26.63176711760712 53.002190179624236 0.10471975511965977
26.63857469968775 52.165936972703456 0.10471975511965977
26.6437694833596 51.18501921681179 0.10471975511965977
26.64618843511849 50.0875850106012 0.10471975511965977
26.64507791658125 48.90211652385287 0.10471975511965977
26.640215674527724 47.655969886142344 0.10471975511965977
26.63196126333176 46.374279562799146 0.10471975511965977
26.621241800077154 45.07924924254125 0.10471975511965977
26.609488577002082 43.78979771949999 0.10471975511965977
26.598543419147312 42.5214955820655 0.10471975511965977
26.59055274900901 41.286715623669146 0.10471975511965977
26.587863743779273 40.094921930582146 0.10471975511965977
26.592932364700232 38.95303364935426 0.10471975511965977
26.60824860593782 37.86581427347937 0.10471975511965977
26.636280729800355 36.83625222146189 0.10471975511965977
26.679437755675746 35.86591140152755 0.10471975511965977
26.74004798653339 34.95524052429502 0.10471975511965977
26.820350678650225 34.103837103071385 0.10471975511965977
26.922497839656284 33.310666770510885 0.10471975511965977
27.048563354537368 32.574241293941206 0.10471975511965977
27.200557017130865 31.89276003679418 0.10471975511965977
27.38044146774788 31.26422005358389 0.10471975511965977
27.590150432971466 30.68649987695151 0.10471975511965977
27.831606991756615 30.157421612111126 0.10471975511965977
28.106740834942524 29.67479536764291 0.10471975511965977
28.417503638156052 29.2364494299784 0.10471975511965977
28.765881732056346 28.84024899565559 0.10471975511965977
29.15390523215492 28.48410574456644 0.10471975511965977
29.583652685779263 28.165980084731416 0.10471975511965977
30.05725010729795 27.883877529965815 0.10471975511965977
30.57686300398325 27.63584038644683 0.10471975511965977
31.14467964254777 27.419935721364844 0.10471975511965977
31.76288337020394 27.234240465785525 0.10471975511965977
32.43361128804158 27.076824465366542 0.10471975511965977
33.158895991733104 26.94573233913667 0.10471975511965977
33.940586474689646 26.8389651414273 0.10471975511965977
34.78024368839088 26.754463047130493 0.10471975511965977
35.67900577141426 26.6900905924134 0.10471975511965977
36.637417749506426 26.64362638728761 0.10471975511965977
37.65522081021151 26.612759638584816 0.10471975511965977
37.02140445818505 28.304789160435547 0.10471975511965977
35.93220395401138 29.982138920963774 0.10471975511965977
